macaddress;datetime;cpu;ram;disco;uptime;bytes_enviados;bytes_recebidos;pacotes_perdidos
80160640191877;2025-11-19 13:13:23.21;67.6;78.8;26.6;244676.21;4153.45;5341.85;4868
80160640191877;2025-11-19 13:14:23.26;8.5;78.6;26.6;244736.26;4153.87;5342.49;4870
80160640191877;2025-11-19 13:15:23.30;7.7;78.9;26.6;244796.30;4154.39;5344.00;4875
80160640191877;2025-11-19 13:16:23.34;7.1;79.4;26.6;244856.34;4154.82;5344.89;4879
80160640191877;2025-11-19 13:17:23.39;6.7;78.9;26.6;244916.39;4155.48;5345.59;4881
80160640191877;2025-11-19 13:18:23.42;8.2;79.4;26.6;244976.42;4155.96;5346.31;4894
80160640191877;2025-11-19 13:19:23.46;9.9;78.7;26.6;245036.46;4156.81;5351.21;4904
80160640191877;2025-11-19 13:20:23.49;8.9;78.1;26.6;245096.49;4157.16;5351.91;4913
80160640191877;2025-11-19 13:21:23.53;15.0;79.8;26.6;245156.53;4157.85;5353.01;4919
80160640191877;2025-11-19 13:22:23.59;5.3;77.3;26.6;245216.59;4158.45;5354.15;4921
80160640191877;2025-11-19 13:23:23.63;10.3;77.6;26.6;245276.63;4158.97;5354.85;4925
